learning_rate: 0.001
hidden_dim: 256
proj_dim: 256
activation: 'relu'
base_model: 'GCNConv'
num_layers: 2
drop_edge_prob1: 0.12129586427845243
drop_edge_prob2: 0.786502620958285
drop_feat_prob1: 0.09596952228386041
drop_feat_prob2: 0.005805058657739391
tau: 0.7375682000092696
num_epochs: 1500
weight_decay: 0.00001